function p = InitialValueControlPair(Params)
K = [Params.K0 zeros(2,7)];

cvx_begin sdp
cvx_precision best
variable P(5,5) symmetric
variable L(9,9) symmetric
variable L1(9,9) symmetric
variable L2(9,9) symmetric

p = [P(1,1) P(2,1)+P(1,2) P(2,2) P(1,3)+P(3,1) P(1,4)+P(4,1)+P(2,3)+P(3,2) P(1,5)+P(5,1)+P(2,4)+P(4,2) P(2,5)+P(5,2) P(3,3) P(3,4)+P(4,3) P(3,5)+P(5,3)+P(4,4) P(4,5)+P(5,4) P(5,5)]';
W = [2*p(1) p(2) 3*p(4) 2*p(5) p(6) 4*p(8) 3*p(9) 2*p(10) p(11);
    p(2)   2*p(3) p(5) 2*p(6) 3*p(7) p(9) 2*p(10) 3*p(11) 4*p(12)];
P >= 0;

% Gl
H1 = (1/2*W'*(Params.F+Params.Gl*K)+1/2*(Params.F+Params.Gl*K)'*W)+Params.Q+K'*Params.R*K;
L1(1,1)==H1(1,1);
L1(1,2)+L1(2,1)==H1(1,2)+H1(2,1);
L1(2,2)==H1(2,2);
L1(1,3)+L1(3,1)==H1(1,3)+H1(3,1);
L1(1,4)+L1(4,1)+L1(2,3)+L1(3,2)==H1(1,4)+H1(4,1)+H1(2,3)+H1(3,2);
L1(1,5)+L1(5,1)+L1(2,4)+L1(4,2)==H1(1,5)+H1(5,1)+H1(2,4)+H1(4,2);
L1(2,5)+L1(5,2)==H1(2,5)+H1(5,2);
L1(1,6)+L1(6,1)+L1(3,3)== H1(1,6)+H1(6,1)+H1(3,3);
L1(1,7)+L1(7,1)+L1(2,6)+L1(6,2)+L1(3,4)+L1(4,3)==H1(1,7)+H1(7,1)+H1(2,6)+H1(6,2)+H1(3,4)+H1(4,3);
L1(1,8)+L1(8,1)+L1(2,7)+L1(7,2)+L1(3,5)+L1(5,3)+L1(4,4)==H1(1,8)+H1(8,1)+H1(2,7)+H1(7,2)+H1(3,5)+H1(5,3)+H1(4,4);
L1(1,9)+L1(9,1)+L1(2,8)+L1(8,2)+L1(5,4)+L1(4,5)==H1(1,9)+H1(9,1)+H1(2,8)+H1(8,2)+H1(5,4)+H1(4,5);
L1(2,9)+L1(9,2)+L1(5,5)==H1(2,9)+H1(9,2)+H1(5,5);
L1(3,6)+L1(6,3)==H1(3,6)+H1(6,3);
L1(3,7)+L1(7,3)+L1(4,6)+L1(6,4)==H1(3,7)+H1(7,3)+H1(4,6)+H1(6,4);
L1(3,8)+L1(8,3)+L1(4,7)+L1(7,4)+L1(5,6)+L1(6,5)==H1(3,8)+H1(8,3)+H1(4,7)+H1(7,4)+H1(5,6)+H1(6,5);
L1(3,9)+L1(9,3)+L1(4,8)+L1(8,4)+L1(5,7)+L1(7,5)==H1(3,9)+H1(9,3)+H1(4,8)+H1(8,4)+H1(5,7)+H1(7,5);
L1(4,9)+L1(9,4)+L1(5,8)+L1(8,5)==H1(4,9)+H1(9,4)+H1(5,8)+H1(8,5);
L1(5,9)+L1(9,5)==H1(5,9)+H1(9,5);
L1(6,6)==H1(6,6);
L1(6,7)+L1(7,6)==H1(6,7)+H1(7,6);
L1(6,8)+L1(8,6)+L1(7,7)==H1(6,8)+H1(8,6)+H1(7,7);
L1(6,9)+L1(9,6)+L1(7,8)+L1(8,7)==H1(6,9)+H1(9,6)+H1(7,8)+H1(8,7);
L1(7,9)+L1(9,7)+L1(8,8)==H1(7,9)+H1(9,7)+H1(8,8);
L1(9,8)+L1(8,9)==H1(9,8)+H1(8,9);
L1(9,9)==H1(9,9);
L1<=0;

% Gu
H2 = (1/2*W'*(Params.F+Params.Gu*K)+1/2*(Params.F+Params.Gu*K)'*W)+Params.Q+K'*Params.R*K;
L2(1,1)==H2(1,1);
L2(1,2)+L2(2,1)==H2(1,2)+H2(2,1);
L2(2,2)==H2(2,2);
L2(1,3)+L2(3,1)==H2(1,3)+H2(3,1);
L2(1,4)+L2(4,1)+L2(2,3)+L2(3,2)==H2(1,4)+H2(4,1)+H2(2,3)+H2(3,2);
L2(1,5)+L2(5,1)+L2(2,4)+L2(4,2)==H2(1,5)+H2(5,1)+H2(2,4)+H2(4,2);
L2(2,5)+L2(5,2)==H2(2,5)+H2(5,2);
L2(1,6)+L2(6,1)+L2(3,3)== H2(1,6)+H2(6,1)+H2(3,3);
L2(1,7)+L2(7,1)+L2(2,6)+L2(6,2)+L2(3,4)+L2(4,3)==H2(1,7)+H2(7,1)+H2(2,6)+H2(6,2)+H2(3,4)+H2(4,3);
L2(1,8)+L2(8,1)+L2(2,7)+L2(7,2)+L2(3,5)+L2(5,3)+L2(4,4)==H2(1,8)+H2(8,1)+H2(2,7)+H2(7,2)+H2(3,5)+H2(5,3)+H2(4,4);
L2(1,9)+L2(9,1)+L2(2,8)+L2(8,2)+L2(5,4)+L2(4,5)==H2(1,9)+H2(9,1)+H2(2,8)+H2(8,2)+H2(5,4)+H2(4,5);
L2(2,9)+L2(9,2)+L2(5,5)==H2(2,9)+H2(9,2)+H2(5,5);
L2(3,6)+L2(6,3)==H2(3,6)+H2(6,3);
L2(3,7)+L2(7,3)+L2(4,6)+L2(6,4)==H2(3,7)+H2(7,3)+H2(4,6)+H2(6,4);
L2(3,8)+L2(8,3)+L2(4,7)+L2(7,4)+L2(5,6)+L2(6,5)==H2(3,8)+H2(8,3)+H2(4,7)+H2(7,4)+H2(5,6)+H2(6,5);
L2(3,9)+L2(9,3)+L2(4,8)+L2(8,4)+L2(5,7)+L2(7,5)==H2(3,9)+H2(9,3)+H2(4,8)+H2(8,4)+H2(5,7)+H2(7,5);
L2(4,9)+L2(9,4)+L2(5,8)+L2(8,5)==H2(4,9)+H2(9,4)+H2(5,8)+H2(8,5);
L2(5,9)+L2(9,5)==H2(5,9)+H2(9,5);
L2(6,6)==H2(6,6);
L2(6,7)+L2(7,6)==H2(6,7)+H2(7,6);
L2(6,8)+L2(8,6)+L2(7,7)==H2(6,8)+H2(8,6)+H2(7,7);
L2(6,9)+L2(9,6)+L2(7,8)+L2(8,7)==H2(6,9)+H2(9,6)+H2(7,8)+H2(8,7);
L2(7,9)+L2(9,7)+L2(8,8)==H2(7,9)+H2(9,7)+H2(8,8);
L2(9,8)+L2(8,9)==H2(9,8)+H2(8,9);
L2(9,9)==H2(9,9);
L2<=0;

cvx_end
